1 0.2265625 0.09218750000000002 0.125 0.09218750000000002 0.125 0.16562500000000002 0.2265625 0.16562500000000005
1 0.5453125 0.10156250000000007 0.425 0.10156250000000004 0.425 0.15937500000000007 0.5453125 0.1593750000000001
1 0.8390625 0.1062500000000001 0.7109375 0.1062500000000001 0.7109375 0.15625000000000008 0.8390625 0.15625000000000008
1 0.8375 0.32500000000000007 0.725 0.32500000000000007 0.725 0.39531250000000007 0.8375 0.39531250000000007
1 0.5375 0.3234375000000001 0.4265625 0.3234375000000001 0.4265625 0.3843750000000001 0.5375 0.3843750000000001
1 0.24531250000000004 0.3171875 0.14062500000000006 0.3171875 0.14062500000000006 0.3875 0.2453125000000001 0.3875
1 0.55 0.559375 0.421875 0.559375 0.421875 0.6265625 0.55 0.6265625
1 0.8375 0.5546875000000001 0.721875 0.5546875 0.721875 0.6218750000000001 0.8375 0.6218750000000002
1 0.2468750000000001 0.5578125 0.1296875000000001 0.5578125 0.1296875000000001 0.61875 0.2468750000000001 0.61875
1 0.3828125000000001 0.76875 0.2750000000000001 0.76875 0.2750000000000001 0.85625 0.3828125000000001 0.85625
1 0.6750000000000002 0.7890625 0.5718750000000001 0.7890625 0.5718750000000001 0.8546875 0.6750000000000002 0.8546875